MDT05-0248-H30-LIDAR pnoa_2012_248_1_1.jpg .5 -.5 704140.25 4690069.75 14440 10080
MDT05-0248-H30-LIDAR pnoa_2012_248_3_3.jpg .5 -.5 718160.25 4681249.75 14480 10120
MDT05-0248-H30-LIDAR pnoa_2012_248_1_3.jpg .5 -.5 704410.25 4680819.75 14460 10080
MDT05-0248-H30-LIDAR pnoa_2012_248_4_2.jpg .5 -.5 724890.25 4686099.75 14460 10120
MDT05-0248-H30-LIDAR pnoa_2012_248_2_3.jpg .5 -.5 711290.25 4681029.75 14460 10100
MDT05-0248-H30-LIDAR pnoa_2012_248_2_1.jpg .5 -.5 711010.25 4690279.75 14440 10080
MDT05-0248-H30-LIDAR pnoa_2012_248_4_3.jpg .5 -.5 725040.25 4681469.75 14480 10120
MDT05-0248-H30-LIDAR pnoa_2012_248_4_1.jpg .5 -.5 724740.25 4690719.75 14460 10120
MDT05-0248-H30-LIDAR pnoa_2012_248_1_4.jpg .5 -.5 704550.25 4676189.75 14460 10080
MDT05-0248-H30-LIDAR pnoa_2012_248_3_2.jpg .5 -.5 718020.25 4685869.75 14460 10100
MDT05-0248-H30-LIDAR pnoa_2012_248_3_4.jpg .5 -.5 718310.25 4676619.75 14480 10100
MDT05-0248-H30-LIDAR pnoa_2012_248_4_4.jpg .5 -.5 725190.25 4676839.75 14480 10120
MDT05-0248-H30-LIDAR pnoa_2012_248_2_4.jpg .5 -.5 711430.25 4676399.75 14460 10100
MDT05-0248-H30-LIDAR pnoa_2012_248_3_1.jpg .5 -.5 717880.25 4690499.75 14440 10100
MDT05-0248-H30-LIDAR pnoa_2012_248_2_2.jpg .5 -.5 711150.25 4685659.75 14440 10100
MDT05-0248-H30-LIDAR pnoa_2012_248_1_2.jpg .5 -.5 704280.25 4685449.75 14440 10080
MDT05-0286-H30-LIDAR pnoa_2012_286_1_4.jpg .5 -.5 705090.25 4657679.75 14480 10080
MDT05-0286-H30-LIDAR pnoa_2012_286_4_4.jpg .5 -.5 725780.25 4658339.75 14520 10140
MDT05-0286-H30-LIDAR pnoa_2012_286_3_1.jpg .5 -.5 718450.25 4671989.75 14480 10100
MDT05-0286-H30-LIDAR pnoa_2012_286_2_2.jpg .5 -.5 711710.25 4667149.75 14480 10100
MDT05-0286-H30-LIDAR pnoa_2012_286_4_2.jpg .5 -.5 725480.25 4667589.75 14520 10120
MDT05-0286-H30-LIDAR pnoa_2012_286_1_3.jpg .5 -.5 704950.25 4662309.75 14480 10080
MDT05-0286-H30-LIDAR pnoa_2012_286_2_4.jpg .5 -.5 711980.25 4657889.75 14500 10080
MDT05-0286-H30-LIDAR pnoa_2012_286_4_3.jpg .5 -.5 725630.25 4662959.75 14520 10120
MDT05-0286-H30-LIDAR pnoa_2012_286_2_1.jpg .5 -.5 711570.25 4671779.75 14480 10100
MDT05-0286-H30-LIDAR pnoa_2012_286_3_4.jpg .5 -.5 718880.25 4658109.75 14520 10100
MDT05-0286-H30-LIDAR pnoa_2012_286_1_2.jpg .5 -.5 704820.25 4666939.75 14480 10080
MDT05-0286-H30-LIDAR pnoa_2012_286_3_2.jpg .5 -.5 718600.25 4667369.75 14480 10120
MDT05-0286-H30-LIDAR pnoa_2012_286_4_1.jpg .5 -.5 725340.25 4672219.75 14480 10120
MDT05-0286-H30-LIDAR pnoa_2012_286_2_3.jpg .5 -.5 711850.25 4662519.75 14480 10100
MDT05-0286-H30-LIDAR pnoa_2012_286_3_3.jpg .5 -.5 718740.25 4662739.75 14500 10120
MDT05-0286-H30-LIDAR pnoa_2012_286_1_1.jpg .5 -.5 704680.25 4671559.75 14480 10080
